0: 63172.0 29843.0 937.0 16368.0 487.0 45526.0 0.0 15796.0 3.0 0.0 0.0 0.0 0.0 4.0 0.0 0.0 0.0 0.0 0.0 0.0 0.0 0.0
0: 0.0 0.0 0.0 0.0 0.0 0.0 0.0 0.0 0.0 0.0 0.0 0.0 0.0 0.0 0.0 0.0 2.0 0.0 0.0 0.0 0.0 0.0
0: 0.0 0.0 49.0 0.0 0.0 4.0 0.0 0.0 49.0 0.0 0.0 0.0 0.0 0.0 0.0 0.0 0.0 0.0 0.0 0.0 0.0 0.0
0: 0.0 0.0 30.0 0.0 0.0 6.0 0.0 0.0 30.0 0.0 0.0 0.0 0.0 0.0 0.0 0.0 0.0 0.0 0.0 0.0 0.0 0.0
0: 0.0 0.0 206.0 0.0 1097.0 0.0 0.0 0.0 43.0 0.0 0.0 0.0 0.0 0.0 0.0 0.0 0.0 0.0 0.0 0.0 0.0 0.0
0: 0.0 0.0 0.0 0.0 0.0 0.0 0.0 0.0 0.0 0.0 0.0 0.0 0.0 0.0 0.0 0.0 0.0 0.0 0.0 0.0 0.0 3.0
0: 0.0 0.0 48.0 0.0 0.0 0.0 0.0 0.0 48.0 0.0 0.0 0.0 0.0 2.0 0.0 0.0 0.0 0.0 0.0 0.0 0.0 0.0
0: 0.0 0.0 47.0 0.0 0.0 0.0 0.0 0.0 47.0 0.0 0.0 0.0 0.0 2.0 0.0 0.0 0.0 0.0 0.0 0.0 0.0 0.0
0: 0.0 0.0 35.0 11.0 2.0 0.0 0.0 2.0 24.0 0.0 0.0 0.0 0.0 2.0 0.0 0.0 0.0 0.0 0.0 0.0 0.0 0.0
0: 0.0 0.0 0.0 0.0 0.0 0.0 0.0 0.0 0.0 0.0 0.0 0.0 0.0 1.0 0.0 2.0 2.0 0.0 2.0 3.0 0.0 0.0
0: 0.0 1.0 340.0 0.0 1.0 20.0 0.0 0.0 336.0 0.0 1.0 0.0 0.0 1.0 0.0 0.0 0.0 0.0 0.0 1.0 0.0 0.0
0: 0.0 0.0 0.0 0.0 0.0 0.0 0.0 0.0 0.0 0.0 0.0 0.0 0.0 1.0 0.0 2.0 2.0 0.0 2.0 3.0 0.0 0.0
0: 0.0 13.0 4275.0 0.0 655.0 0.0 0.0 96.0 2027.0 0.0 0.0 0.0 0.0 6.0 0.0 0.0 0.0 0.0 0.0 1.0 1.0 1.0
0: 0.0 0.0 0.0 0.0 0.0 0.0 0.0 0.0 0.0 0.0 0.0 0.0 0.0 6.0 0.0 117.0 0.0 0.0 117.0 119.0 2.0 2.0
0: 0.0 199.0 14489.0 3.0 6136.0 0.0 0.0 4460.0 7132.0 0.0 0.0 0.0 0.0 8.0 0.0 0.0 0.0 0.0 23.0 24.0 0.0 0.0
0: 0.0 0.0 0.0 0.0 0.0 0.0 0.0 0.0 0.0 0.0 0.0 0.0 0.0 0.0 0.0 0.0 2.0 0.0 0.0 0.0 0.0 0.0
0: 0.0 23.0 3837.0 0.0 182.0 0.0 0.0 125.0 595.0 2.0 2.0 0.0 0.0 0.0 0.0 0.0 0.0 0.0 1.0 1.0 0.0 0.0
0: 0.0 61.0 565.0 0.0 40.0 0.0 0.0 0.0 129.0 0.0 0.0 0.0 0.0 0.0 0.0 0.0 0.0 0.0 0.0 0.0 0.0 0.0
0: 0.0 0.0 128.0 0.0 13.0 0.0 0.0 0.0 82.0 0.0 0.0 0.0 0.0 10.0 0.0 0.0 0.0 0.0 0.0 0.0 0.0 0.0
0: 0.0 0.0 328.0 0.0 26.0 5.0 0.0 0.0 18.0 0.0 0.0 0.0 0.0 0.0 0.0 0.0 5.0 0.0 0.0 0.0 2.0 2.0
0: 0.0 0.0 0.0 0.0 0.0 0.0 0.0 0.0 0.0 0.0 0.0 0.0 1.0 1.0 0.0 11.0 0.0 0.0 0.0 1.0 4.0 4.0
0: 0.0 0.0 269.0 0.0 42.0 0.0 0.0 0.0 69.0 0.0 0.0 0.0 0.0 1.0 0.0 0.0 0.0 0.0 0.0 1.0 0.0 0.0
0: 0.0 11.0 926.0 50.0 268.0 66.0 0.0 2.0 57.0 4.0 3.0 0.0 2.0 6.0 0.0 0.0 34.0 0.0 0.0 6.0 0.0 0.0
0: 0.0 2.0 278.0 3.0 112.0 1.0 0.0 0.0 39.0 1.0 0.0 0.0 0.0 1.0 0.0 0.0 0.0 0.0 0.0 1.0 0.0 0.0
0: 0.0 20.0 3347.0 0.0 182.0 0.0 0.0 49.0 846.0 0.0 0.0 0.0 0.0 0.0 0.0 0.0 0.0 0.0 1.0 1.0 0.0 0.0
0: 0.0 0.0 0.0 0.0 0.0 0.0 0.0 0.0 0.0 0.0 0.0 0.0 0.0 0.0 0.0 1.0 2.0 0.0 1.0 1.0 0.0 0.0
0: 0.0 96.0 9672.0 20.0 9643.0 10.0 0.0 121.0 18.0 0.0 0.0 0.0 0.0 1.0 0.0 0.0 18.0 0.0 0.0 1.0 0.0 0.0
0: 0.0 0.0 0.0 0.0 0.0 0.0 0.0 0.0 0.0 0.0 0.0 0.0 0.0 0.0 0.0 0.0 3.0 0.0 0.0 0.0 3.0 1.0
0: 3.0 268.0 3215.0 0.0 182.0 5.0 0.0 87.0 492.0 2.0 1.0 0.0 0.0 14.0 0.0 0.0 3.0 0.0 3.0 4.0 0.0 0.0
0: 0.0 0.0 0.0 0.0 0.0 0.0 0.0 0.0 0.0 0.0 0.0 0.0 0.0 6.0 1.0 23.0 1.0 0.0 14.0 18.0 2.0 0.0
0: 0.0 95.0 864.0 1.0 113.0 0.0 0.0 45.0 231.0 1.0 0.0 0.0 1.0 17.0 0.0 0.0 0.0 0.0 1.0 1.0 0.0 0.0
0: 0.0 0.0 0.0 0.0 0.0 0.0 0.0 0.0 0.0 0.0 0.0 0.0 0.0 0.0 0.0 0.0 0.0 0.0 0.0 0.0 0.0 1.0
0: 0.0 0.0 1212.0 0.0 0.0 0.0 0.0 0.0 90.0 0.0 0.0 0.0 0.0 0.0 0.0 0.0 0.0 0.0 0.0 0.0 0.0 0.0
0: 0.0 0.0 176.0 0.0 41.0 0.0 0.0 0.0 40.0 0.0 0.0 0.0 0.0 0.0 0.0 0.0 0.0 0.0 0.0 0.0 0.0 0.0
0: 0.0 0.0 542.0 0.0 59.0 0.0 0.0 0.0 188.0 0.0 0.0 0.0 0.0 0.0 0.0 0.0 0.0 0.0 0.0 0.0 0.0 0.0
0: 0.0 0.0 2320.0 6.0 104.0 0.0 0.0 1.0 36.0 0.0 0.0 0.0 0.0 0.0 0.0 0.0 0.0 0.0 0.0 0.0 0.0 0.0
0: 0.0 0.0 0.0 0.0 0.0 0.0 0.0 0.0 0.0 0.0 0.0 0.0 0.0 0.0 0.0 0.0 1.0 0.0 0.0 0.0 1.0 0.0
0: 0.0 0.0 66.0 0.0 15.0 0.0 0.0 0.0 22.0 0.0 0.0 0.0 0.0 0.0 0.0 0.0 0.0 0.0 0.0 0.0 0.0 0.0
0: 0.0 4.0 1641.0 2.0 522.0 0.0 0.0 0.0 100.0 0.0 0.0 0.0 0.0 0.0 0.0 0.0 0.0 0.0 0.0 0.0 1.0 1.0
0: 0.0 1.0 256.0 0.0 94.0 0.0 0.0 0.0 49.0 5.0 5.0 0.0 0.0 0.0 0.0 0.0 0.0 0.0 0.0 0.0 0.0 0.0
0: 0.0 0.0 32.0 0.0 0.0 0.0 0.0 0.0 32.0 0.0 0.0 0.0 0.0 0.0 0.0 0.0 0.0 0.0 0.0 0.0 0.0 0.0
0: 0.0 0.0 0.0 0.0 0.0 0.0 0.0 0.0 0.0 0.0 0.0 0.0 0.0 0.0 0.0 0.0 2.0 0.0 0.0 0.0 0.0 0.0
0: 0.0 0.0 34.0 0.0 0.0 0.0 0.0 0.0 34.0 0.0 0.0 0.0 0.0 0.0 0.0 0.0 0.0 0.0 0.0 0.0 0.0 0.0
0: 0.0 0.0 40.0 0.0 0.0 0.0 0.0 0.0 40.0 0.0 0.0 0.0 0.0 0.0 0.0 0.0 0.0 0.0 0.0 0.0 0.0 0.0
0: 0.0 0.0 64.0 0.0 0.0 0.0 0.0 0.0 64.0 0.0 0.0 0.0 0.0 0.0 0.0 0.0 0.0 0.0 0.0 0.0 0.0 0.0
0: 0.0 0.0 0.0 0.0 0.0 0.0 0.0 0.0 0.0 0.0 0.0 0.0 0.0 0.0 0.0 0.0 2.0 0.0 0.0 0.0 0.0 0.0
0: 0.0 0.0 32.0 0.0 0.0 0.0 0.0 0.0 32.0 0.0 0.0 0.0 0.0 0.0 0.0 0.0 0.0 0.0 0.0 0.0 0.0 0.0
0: 0.0 0.0 32.0 0.0 0.0 0.0 0.0 0.0 32.0 0.0 0.0 0.0 0.0 0.0 0.0 0.0 0.0 0.0 0.0 0.0 0.0 0.0
0: 0.0 0.0 0.0 0.0 0.0 0.0 0.0 0.0 0.0 0.0 0.0 0.0 0.0 1.0 0.0 0.0 2.0 0.0 0.0 1.0 0.0 0.0
0: 0.0 0.0 0.0 0.0 0.0 0.0 0.0 0.0 0.0 0.0 0.0 0.0 0.0 1.0 0.0 0.0 2.0 0.0 0.0 1.0 0.0 0.0
0: 0.0 0.0 679.0 0.0 72.0 2.0 0.0 0.0 63.0 0.0 2.0 0.0 0.0 0.0 0.0 0.0 0.0 0.0 0.0 0.0 0.0 0.0
0: 0.0 0.0 190.0 0.0 0.0 0.0 0.0 0.0 190.0 0.0 0.0 0.0 0.0 0.0 0.0 0.0 1.0 0.0 0.0 0.0 0.0 0.0
0: 0.0 0.0 0.0 0.0 0.0 0.0 0.0 0.0 0.0 0.0 0.0 0.0 0.0 0.0 0.0 0.0 4.0 0.0 0.0 0.0 0.0 0.0
0: 0.0 0.0 68.0 0.0 0.0 4.0 0.0 0.0 68.0 0.0 0.0 0.0 0.0 0.0 0.0 0.0 0.0 0.0 0.0 0.0 0.0 0.0
0: 0.0 0.0 0.0 0.0 0.0 0.0 0.0 0.0 0.0 0.0 0.0 0.0 0.0 0.0 0.0 0.0 4.0 0.0 0.0 0.0 0.0 0.0
0: 0.0 0.0 335.0 0.0 72.0 0.0 0.0 0.0 118.0 0.0 0.0 0.0 0.0 0.0 0.0 0.0 0.0 0.0 0.0 0.0 0.0 0.0
0: 0.0 0.0 520.0 0.0 72.0 0.0 0.0 0.0 118.0 0.0 0.0 0.0 0.0 0.0 0.0 0.0 0.0 0.0 0.0 0.0 0.0 0.0
0: 0.0 0.0 240.0 23.0 97.0 0.0 0.0 1.0 39.0 0.0 0.0 0.0 0.0 0.0 0.0 0.0 0.0 0.0 0.0 0.0 0.0 0.0
0: 20.0 10654.0 116562.0 98.0 9971.0 6.0 1.0 1093.0 14825.0 0.0 0.0 0.0 1.0 41.0 0.0 0.0 54.0 0.0 8.0 17.0 0.0 0.0
0: 0.0 28.0 3479.0 0.0 864.0 0.0 0.0 0.0 76.0 0.0 0.0 0.0 0.0 0.0 0.0 0.0 0.0 0.0 0.0 0.0 0.0 0.0
0: 0.0 0.0 51.0 0.0 0.0 0.0 0.0 0.0 51.0 0.0 0.0 0.0 0.0 0.0 0.0 0.0 0.0 0.0 0.0 0.0 0.0 0.0
0: 0.0 0.0 25.0 0.0 0.0 0.0 0.0 0.0 25.0 0.0 0.0 0.0 0.0 0.0 0.0 0.0 0.0 0.0 0.0 0.0 0.0 0.0
0: 0.0 0.0 0.0 0.0 0.0 0.0 0.0 0.0 0.0 0.0 0.0 0.0 0.0 0.0 0.0 0.0 1.0 0.0 0.0 0.0 0.0 1.0
0: 0.0 0.0 47.0 35.0 1.0 0.0 0.0 0.0 43.0 0.0 0.0 0.0 0.0 0.0 0.0 0.0 0.0 0.0 0.0 0.0 0.0 0.0
0: 0.0 0.0 48.0 0.0 0.0 0.0 0.0 0.0 48.0 0.0 0.0 0.0 0.0 0.0 0.0 0.0 0.0 0.0 0.0 0.0 0.0 0.0
0: 0.0 0.0 0.0 0.0 0.0 0.0 0.0 0.0 0.0 0.0 0.0 0.0 0.0 1.0 0.0 0.0 2.0 0.0 0.0 1.0 0.0 0.0
0: 0.0 0.0 0.0 0.0 0.0 0.0 0.0 0.0 0.0 0.0 0.0 0.0 0.0 0.0 0.0 0.0 2.0 0.0 0.0 0.0 0.0 0.0
0: 0.0 15.0 4698.0 0.0 1083.0 0.0 0.0 659.0 1826.0 0.0 0.0 0.0 0.0 0.0 0.0 0.0 0.0 0.0 0.0 0.0 0.0 0.0
0: 0.0 10.0 1305.0 0.0 64.0 0.0 0.0 15.0 349.0 0.0 0.0 0.0 0.0 1.0 0.0 0.0 0.0 0.0 0.0 0.0 0.0 0.0
0: 0.0 19.0 1778.0 0.0 138.0 0.0 0.0 38.0 514.0 0.0 0.0 0.0 0.0 0.0 0.0 0.0 0.0 0.0 0.0 0.0 0.0 0.0
0: 0.0 0.0 63.0 5.0 0.0 0.0 0.0 0.0 0.0 0.0 0.0 0.0 0.0 0.0 0.0 0.0 0.0 0.0 0.0 0.0 0.0 0.0
0: 0.0 0.0 1989.0 0.0 0.0 0.0 0.0 0.0 0.0 0.0 0.0 0.0 0.0 0.0 0.0 0.0 2.0 0.0 0.0 0.0 0.0 0.0
0: 0.0 0.0 34.0 10.0 0.0 0.0 0.0 0.0 0.0 0.0 0.0 0.0 4.0 4.0 0.0 0.0 0.0 0.0 0.0 0.0 0.0 0.0
0: 0.0 6.0 666.0 27.0 24.0 0.0 0.0 6.0 0.0 0.0 0.0 0.0 1.0 4.0 0.0 0.0 0.0 0.0 0.0 0.0 0.0 0.0
0: 0.0 0.0 365.0 0.0 0.0 0.0 0.0 0.0 0.0 0.0 0.0 0.0 1.0 1.0 0.0 0.0 0.0 0.0 0.0 0.0 0.0 0.0
0: 0.0 50.0 290.0 5.0 32.0 0.0 7.0 27.0 70.0 1.0 1.0 0.0 1.0 4.0 0.0 0.0 0.0 0.0 0.0 0.0 0.0 0.0
0: 0.0 0.0 138.0 3.0 2.0 0.0 0.0 2.0 0.0 0.0 0.0 0.0 0.0 0.0 0.0 0.0 0.0 0.0 0.0 0.0 0.0 0.0
0: 0.0 0.0 0.0 18.0 0.0 0.0 0.0 0.0 0.0 0.0 0.0 0.0 0.0 0.0 0.0 0.0 0.0 0.0 0.0 0.0 0.0 0.0
0: 0.0 0.0 0.0 18.0 0.0 0.0 0.0 0.0 0.0 0.0 0.0 0.0 0.0 0.0 0.0 0.0 0.0 0.0 0.0 0.0 0.0 0.0
0: 0.0 0.0 0.0 19.0 0.0 0.0 0.0 0.0 0.0 0.0 0.0 0.0 0.0 0.0 0.0 0.0 0.0 0.0 0.0 0.0 0.0 0.0
0: 0.0 0.0 154.0 0.0 49.0 0.0 0.0 37.0 24.0 0.0 0.0 0.0 0.0 0.0 0.0 0.0 4.0 0.0 0.0 0.0 0.0 0.0
0: 0.0 0.0 463.0 0.0 1.0 0.0 0.0 0.0 0.0 0.0 0.0 0.0 0.0 0.0 0.0 0.0 0.0 0.0 0.0 0.0 0.0 0.0
0: 0.0 0.0 0.0 17.0 0.0 0.0 0.0 0.0 0.0 0.0 0.0 0.0 0.0 0.0 0.0 0.0 0.0 0.0 0.0 0.0 0.0 0.0
0: 0.0 0.0 0.0 17.0 0.0 0.0 0.0 0.0 0.0 0.0 0.0 0.0 0.0 0.0 0.0 0.0 0.0 0.0 0.0 0.0 0.0 0.0
0: 0.0 0.0 0.0 17.0 0.0 0.0 0.0 0.0 0.0 0.0 0.0 0.0 0.0 0.0 0.0 0.0 0.0 0.0 0.0 0.0 0.0 0.0
0: 0.0 0.0 0.0 17.0 0.0 0.0 0.0 0.0 0.0 0.0 0.0 0.0 0.0 0.0 0.0 0.0 0.0 0.0 0.0 0.0 0.0 0.0
0: 0.0 12.0 1584.0 121.0 133.0 0.0 0.0 79.0 327.0 0.0 0.0 0.0 0.0 0.0 0.0 0.0 2.0 0.0 0.0 0.0 0.0 0.0
0: 0.0 11.0 967.0 0.0 36.0 0.0 0.0 6.0 108.0 0.0 0.0 0.0 0.0 0.0 0.0 0.0 2.0 0.0 0.0 0.0 0.0 0.0
0: 0.0 0.0 347.0 3563.0 4555.0 2557.0 2243.0 0.0 0.0 0.0 0.0 0.0 0.0 0.0 0.0 0.0 0.0 0.0 0.0 0.0 0.0 0.0
0: 5577.0 0.0 459.0 51.0 120.0 11432.0 0.0 2593.0 0.0 0.0 0.0 0.0 0.0 0.0 0.0 0.0 0.0 0.0 0.0 0.0 0.0 0.0
0: 0.0 104.0 454.0 49.0 92.0 0.0 0.0 86.0 0.0 0.0 0.0 0.0 0.0 0.0 0.0 0.0 0.0 0.0 0.0 0.0 0.0 0.0
0: 0.0 0.0 2462.0 0.0 0.0 0.0 0.0 0.0 0.0 0.0 0.0 0.0 0.0 0.0 0.0 0.0 0.0 0.0 0.0 0.0 0.0 0.0
0: 0.0 41.0 210.0 66.0 109.0 0.0 0.0 168.0 0.0 0.0 0.0 0.0 0.0 11.0 0.0 0.0 0.0 0.0 0.0 0.0 0.0 0.0
0: 0.0 72.0 916.0 25.0 24.0 0.0 0.0 4.0 0.0 0.0 0.0 0.0 2.0 8.0 0.0 0.0 0.0 0.0 0.0 0.0 0.0 0.0
0: 1.0 128.0 2075.0 83.0 168.0 0.0 46.0 178.0 0.0 0.0 0.0 0.0 0.0 0.0 0.0 0.0 0.0 0.0 0.0 0.0 0.0 0.0
0: 0.0 0.0 0.0 19.0 0.0 0.0 0.0 0.0 0.0 0.0 0.0 0.0 0.0 0.0 0.0 0.0 0.0 0.0 0.0 0.0 0.0 0.0
0: 0.0 119.0 692.0 67.0 125.0 0.0 12.0 65.0 0.0 0.0 0.0 0.0 6.0 11.0 0.0 0.0 0.0 0.0 0.0 0.0 0.0 0.0
0: 0.0 0.0 0.0 17.0 0.0 0.0 0.0 0.0 0.0 0.0 0.0 0.0 0.0 0.0 0.0 0.0 0.0 0.0 0.0 0.0 0.0 0.0
0: 0.0 0.0 0.0 17.0 0.0 0.0 0.0 0.0 0.0 0.0 0.0 0.0 0.0 0.0 0.0 0.0 0.0 0.0 0.0 0.0 0.0 0.0
0: 0.0 0.0 1.0 18.0 0.0 0.0 0.0 0.0 0.0 0.0 0.0 0.0 0.0 0.0 0.0 0.0 0.0 0.0 0.0 0.0 0.0 0.0
0: 0.0 0.0 0.0 19.0 0.0 0.0 0.0 0.0 0.0 0.0 0.0 0.0 0.0 0.0 0.0 0.0 0.0 0.0 0.0 0.0 0.0 0.0
0: 0.0 0.0 0.0 18.0 0.0 0.0 0.0 0.0 0.0 0.0 0.0 0.0 0.0 0.0 0.0 0.0 0.0 0.0 0.0 0.0 0.0 0.0
0: 0.0 0.0 1391.0 3.0 1659.0 0.0 0.0 2.0 88.0 0.0 0.0 0.0 0.0 0.0 0.0 0.0 0.0 0.0 0.0 0.0 1.0 1.0
0: 67.0 1247.0 73563.0 45.0 6937.0 23.0 2.0 4258.0 26527.0 7.0 12.0 0.0 1.0 66.0 0.0 0.0 114.0 0.0 0.0 5.0 0.0 0.0
0: 0.0 12.0 5645.0 0.0 172.0 0.0 0.0 107.0 750.0 0.0 0.0 0.0 0.0 0.0 0.0 0.0 0.0 0.0 0.0 0.0 0.0 0.0
0: 0.0 1.0 578.0 0.0 257.0 0.0 0.0 0.0 35.0 0.0 0.0 0.0 0.0 14.0 0.0 0.0 0.0 0.0 0.0 1.0 0.0 0.0
0: 0.0 0.0 152.0 0.0 23.0 0.0 0.0 0.0 97.0 0.0 0.0 0.0 0.0 1.0 0.0 0.0 0.0 0.0 0.0 1.0 0.0 0.0
0: 0.0 52.0 508.0 0.0 43.0 4.0 0.0 9.0 92.0 0.0 0.0 0.0 0.0 0.0 0.0 0.0 0.0 0.0 0.0 0.0 0.0 0.0
0: 0.0 8.0 3388.0 0.0 384.0 0.0 0.0 179.0 1755.0 0.0 0.0 0.0 0.0 6.0 0.0 0.0 0.0 0.0 0.0 0.0 0.0 0.0
0: 0.0 0.0 0.0 0.0 0.0 0.0 0.0 0.0 0.0 0.0 0.0 0.0 0.0 14.0 0.0 29.0 1.0 0.0 18.0 17.0 2.0 0.0
0: 0.0 0.0 19.0 0.0 0.0 0.0 0.0 0.0 19.0 0.0 0.0 0.0 0.0 12.0 0.0 0.0 0.0 0.0 0.0 0.0 0.0 0.0
0: 0.0 1.0 207.0 0.0 146.0 0.0 0.0 141.0 193.0 0.0 0.0 0.0 0.0 3.0 0.0 0.0 0.0 0.0 0.0 1.0 0.0 0.0
0: 0.0 0.0 0.0 0.0 0.0 0.0 0.0 0.0 0.0 0.0 0.0 0.0 0.0 11.0 0.0 3.0 2.0 0.0 2.0 1.0 1.0 0.0
0: 0.0 289.0 2182.0 56.0 336.0 0.0 0.0 179.0 700.0 1.0 1.0 0.0 2.0 32.0 0.0 0.0 0.0 0.0 0.0 2.0 0.0 0.0
0: 0.0 0.0 0.0 0.0 0.0 0.0 0.0 0.0 0.0 0.0 0.0 0.0 0.0 0.0 0.0 0.0 31.0 0.0 0.0 0.0 7.0 8.0
0: 0.0 0.0 1899.0 0.0 58.0 0.0 0.0 52.0 199.0 0.0 0.0 0.0 0.0 0.0 0.0 0.0 0.0 0.0 0.0 0.0 0.0 0.0
0: 0.0 279.0 1922.0 82.0 125.0 0.0 0.0 105.0 391.0 0.0 0.0 0.0 0.0 9.0 0.0 0.0 0.0 0.0 12.0 14.0 0.0 0.0
0: 0.0 0.0 0.0 0.0 0.0 0.0 0.0 0.0 0.0 0.0 0.0 0.0 0.0 0.0 0.0 0.0 0.0 0.0 0.0 0.0 0.0 1.0
0: 0.0 0.0 30.0 0.0 0.0 0.0 0.0 0.0 30.0 0.0 0.0 0.0 0.0 5.0 0.0 0.0 0.0 0.0 0.0 0.0 0.0 0.0
0: 0.0 271.0 881.0 82.0 148.0 0.0 0.0 0.0 58.0 0.0 0.0 0.0 0.0 4.0 0.0 0.0 0.0 0.0 13.0 14.0 0.0 0.0
0: 0.0 149.0 11639.0 110.0 2125.0 82.0 0.0 21.0 3432.0 6.0 6.0 0.0 0.0 8.0 0.0 0.0 34.0 0.0 0.0 8.0 0.0 0.0
0: 0.0 0.0 713.0 0.0 59.0 0.0 0.0 11.0 170.0 0.0 0.0 0.0 0.0 0.0 0.0 0.0 0.0 0.0 0.0 0.0 0.0 0.0
0: 0.0 21.0 4088.0 0.0 367.0 0.0 0.0 141.0 899.0 2.0 0.0 0.0 0.0 0.0 0.0 0.0 0.0 0.0 0.0 0.0 0.0 0.0
0: 0.0 0.0 0.0 0.0 0.0 0.0 0.0 0.0 0.0 0.0 0.0 0.0 0.0 12.0 0.0 3.0 1.0 0.0 2.0 1.0 1.0 1.0
0: 0.0 10.0 2147.0 0.0 191.0 0.0 0.0 144.0 464.0 0.0 0.0 0.0 0.0 6.0 0.0 0.0 0.0 0.0 0.0 0.0 0.0 0.0
0: 0.0 2.0 2605.0 0.0 197.0 0.0 0.0 119.0 701.0 0.0 0.0 0.0 0.0 3.0 0.0 0.0 0.0 0.0 0.0 0.0 0.0 0.0
0: 0.0 0.0 34.0 0.0 1.0 0.0 0.0 0.0 29.0 0.0 0.0 0.0 0.0 1.0 0.0 0.0 0.0 0.0 0.0 1.0 0.0 0.0
0: 0.0 0.0 0.0 0.0 0.0 0.0 0.0 0.0 0.0 0.0 0.0 0.0 0.0 7.0 0.0 3.0 1.0 0.0 2.0 1.0 1.0 1.0
0: 0.0 0.0 0.0 0.0 0.0 0.0 0.0 0.0 0.0 0.0 0.0 0.0 0.0 4.0 0.0 7.0 0.0 0.0 4.0 4.0 7.0 7.0
0: 0.0 3.0 327.0 0.0 27.0 0.0 0.0 19.0 77.0 0.0 0.0 0.0 0.0 6.0 0.0 0.0 0.0 0.0 0.0 0.0 0.0 0.0
0: 0.0 151.0 13799.0 0.0 1151.0 0.0 0.0 481.0 4389.0 0.0 0.0 0.0 0.0 0.0 0.0 0.0 2.0 0.0 0.0 0.0 0.0 0.0
0: 24.0 2094.0 31178.0 421.0 3894.0 18.0 8.0 2523.0 7001.0 6.0 6.0 0.0 6.0 82.0 0.0 0.0 67.0 0.0 6.0 14.0 0.0 0.0
0: 0.0 52.0 9520.0 436.0 3526.0 24.0 0.0 8.0 743.0 6.0 6.0 0.0 0.0 11.0 0.0 0.0 68.0 0.0 11.0 18.0 0.0 0.0
0: 0.0 0.0 1344.0 0.0 192.0 0.0 0.0 144.0 672.0 0.0 0.0 0.0 0.0 0.0 0.0 0.0 0.0 0.0 0.0 0.0 0.0 0.0
0: 0.0 0.0 7794.0 0.0 601.0 0.0 0.0 238.0 1906.0 11.0 4.0 0.0 0.0 0.0 0.0 0.0 0.0 0.0 0.0 0.0 0.0 0.0
0: 0.0 0.0 0.0 0.0 0.0 0.0 0.0 0.0 0.0 0.0 0.0 0.0 0.0 1.0 0.0 9.0 100.0 0.0 9.0 7.0 3.0 1.0
0: 0.0 0.0 30.0 0.0 0.0 0.0 0.0 0.0 25.0 0.0 0.0 0.0 0.0 1.0 0.0 0.0 0.0 0.0 0.0 1.0 0.0 0.0
0: 0.0 0.0 296.0 0.0 77.0 0.0 0.0 0.0 44.0 0.0 0.0 0.0 0.0 0.0 0.0 0.0 0.0 0.0 0.0 0.0 1.0 1.0
